M001:   0 (  0  1  0  0  0  0  0  1)
M002:   1 (  1  1  0  0  0  0  0  1)
M003:   1 (  0  1  0  0  0  0  1  1) 
M004:   2 (  0  1  1  0  0  0  0  0) 
M005:   2 (  1  1  0  0  0  0  1  1) 
M006:   3 (  1  1  1  0  0  0  0  0) 
M007:   3 (  0  1  1  1  0  0  0  0) 
M008:   3 (  0  1  1  0  0  0  1  0) 
M009:   4 (  1  1  1  1  0  0  0  0) 
M010:   4 (  0  0  1  0  1  0  0  0) 
M011:   4 (  1  1  1  0  0  0  1  0) 
M012:   4 (  0  1  1  1  0  0  1  0) 
M013:   5 (  1  0  1  0  1  0  0  0) 
M014:   5 (  0  0  1  1  1  0  0  0)
M015:   5 (  0  0  1  0  1  1  0  0)
M016:   5 (  1  1  1  1  0  0  1  0)
M017:   5 (  0  0  1  0  1  0  1  0)
M018:   6 (  1  0  1  1  1  0  0  0)
M019:   6 (  1  0  1  0  1  1  0  0) 
M020:   6 (  0  0  1  1  1  1  0  0) 
M021:   6 (  0  0  0  0  1  0  0  1)
M022:   6 (  1  0  1  0  1  0  1  0)
M023:   6 (  0  0  1  1  1  0  1  0)
M024:   6 (  0  0  1  0  1  1  1  0)
M025:   7 (  1  0  1  1  1  1  0  0) 
M026:   7 (  1  0  0  0  1  0  0  1)
M027:   7 (  0  0  0  1  1  0  0  1)
M028:   7 (  0  0  0  0  1  1  0  1)
M029:   7 (  0  0  0  0  1  0  1  1)
M030:   7 (  1  0  1  1  1  0  1  0)
M031:   7 (  1  0  1  0  1  1  1  0)
M032:   7 (  0  0  1  1  1  1  1  0)
M033:   7 (  0  1  1  0  0  1  0  0) 
M034:   8 (  1  0  0  1  1  0  0  1)
M035:   8 (  1  0  0  0  1  1  0  1)
M036:   8 (  1  0  0  0  1  0  1  1)
M037:   8 (  0  0  0  1  1  1  0  1)
M038:   8 (  0  0  0  1  1  0  1  1)
M039:   8 (  0  0  0  0  1  1  1  1)
M040:   8 (  1  0  1  1  1  1  1  0)
M041:   8 (  1  1  1  0  0  1  0  0)
M042:   8 (  0  1  1  1  0  1  0  0)
M043:   9 (  1  0  0  1  1  1  0  1)
M044:   9 (  1  0  0  1  1  0  1  1)
M045:   9 (  1  0  0  0  1  1  1  1)
M046:   9 (  0  0  0  1  1  1  1  1)
M047:   9 (  0  1  0  1  0  0  0  1)
M048:   9 (  0  1  0  0  0  1  0  1)
M049:   9 (  1  1  1  1  0  1  0  0)
M050:  10 (  1  0  0  1  1  1  1  1)
M051:  10 (  1  1  0  1  0  0  0  1)
M052:  10 (  1  1  0  0  0  1  0  1)
M053:  10 (  0  1  0  1  0  1  0  1)
M054:  10 (  0  1  0  1  0  0  1  1) 
M055:  10 (  0  1  0  0  0  1  1  1)
M056:  11 (  1  1  0  1  0  1  0  1)
M057:  11 (  1  1  0  1  0  0  1  1)
M058:  11 (  1  1  0  0  0  1  1  1)
M059:  11 (  0  1  0  1  0  1  1  1)
M060:  12 (  1  1  0  1  0  1  1  1)
M061:  12 (  0  1  1  0  0  1  1  0)
M062:  13 (  0  1  1  1  0  1  1  0)
M063:  13 (  1  1  1  0  0  1  1  0) 
M064:  14 (  1  1  1  1  0  1  1  0)
